1 0.379035 0.559913 0.031071 0.153377
1 0.435294 0.628289 0.009653 0.079906
1 0.428808 0.633115 0.024434 0.102430
1 0.460483 0.648131 0.015988 0.082051
1 0.483861 0.648131 0.003620 0.075616
1 0.486878 0.634188 0.004223 0.103503
1 0.495173 0.633115 0.008145 0.102430
1 0.500603 0.639551 0.003318 0.087414
1 0.555354 0.644109 0.002413 0.049338
1 0.614027 0.648936 0.012971 0.063281
1 0.659879 0.648400 0.008145 0.060064
1 0.911463 0.672532 0.028054 0.134071
1 0.877376 0.654299 0.024434 0.141579
1 0.730015 0.576269 0.034992 0.157131
1 0.687632 0.608446 0.012368 0.070253
1 0.651735 0.600402 0.011161 0.115301
1 0.629261 0.626680 0.009050 0.043439
1 0.620965 0.612469 0.008145 0.060064
1 0.591554 0.598525 0.022926 0.124418
1 0.558824 0.585923 0.040724 0.153913