1 0.107788 0.490234 0.048340 0.488281
1 0.137609 0.554199 0.010529 0.255534
1 0.184072 0.564779 0.021057 0.222982
1 0.222753 0.555013 0.012360 0.226237
1 0.391668 0.514730 0.004120 0.166829
1 0.984243 0.464681 0.016479 0.292969
1 0.839884 0.302734 0.320231 0.605468
1 0.903300 0.431315 0.084595 0.137370
1 0.856791 0.458333 0.004761 0.119792
1 0.831340 0.483398 0.048340 0.216797
1 0.802958 0.481120 0.022339 0.160156
1 0.756816 0.458008 0.105835 0.152995
1 0.655192 0.375326 0.154541 0.302734
1 0.665080 0.435547 0.030029 0.164062
1 0.653178 0.465820 0.009155 0.090495
1 0.642375 0.497721 0.013916 0.147786
1 0.592021 0.479167 0.018677 0.195312