1 0.159578 0.521837 0.019306 0.312117
1 0.140121 0.615418 0.019005 0.121736
1 0.130015 0.669851 0.025339 0.082588
1 0.276923 0.533099 0.027149 0.302464
1 0.684766 0.651617 0.010256 0.063281
1 0.632428 0.646254 0.017798 0.079370
1 0.488386 0.633920 0.015083 0.116910
1 0.477376 0.632311 0.004525 0.117982
1 0.441026 0.649472 0.018703 0.093313
1 0.406637 0.637674 0.021719 0.072934
1 0.344193 0.548651 0.037406 0.197352
1 0.378582 0.558840 0.019306 0.184481
1 0.567722 0.556427 0.050679 0.180727
1 0.601508 0.582437 0.027753 0.152304
1 0.671342 0.561254 0.021418 0.147478
1 0.714027 0.611396 0.013876 0.062209
1 0.774208 0.554550 0.063650 0.202715
1 0.650679 0.596648 0.010860 0.093850