1 0.047913 0.656250 0.020874 0.359375
1 0.281141 0.590989 0.011365 0.171740
1 0.291369 0.566743 0.007577 0.158270
1 0.313531 0.570784 0.013259 0.152883
1 0.333799 0.578529 0.009850 0.118534
1 0.345354 0.529364 0.006440 0.175108
1 0.435896 0.534752 0.004167 0.142780
1 0.993459 0.402748 0.013082 0.145474
1 0.978583 0.413860 0.026519 0.089574
1 0.928008 0.420595 0.107969 0.175781
1 0.858112 0.476158 0.061372 0.091595
1 0.805643 0.462689 0.060235 0.269397
1 0.791058 0.530374 0.007577 0.129984
1 0.765297 0.472117 0.018184 0.078125
1 0.743703 0.465046 0.034853 0.100350
1 0.725708 0.491649 0.048113 0.070043
1 0.723056 0.461678 0.011744 0.081492
1 0.675133 0.431708 0.084860 0.211476
1 0.680620 0.486779 0.012395 0.087139
1 0.658929 0.478766 0.014648 0.089143
1 0.604702 0.463241 0.027888 0.147236