1 0.199348 0.628255 0.027466 0.434028
1 0.317756 0.502930 0.012817 0.239800
1 0.379096 0.482313 0.018311 0.283203
1 0.366584 0.464952 0.026245 0.330946
1 0.445014 0.551215 0.007324 0.201823
1 0.931159 0.421007 0.079956 0.375434
1 0.840827 0.472548 0.064087 0.150825
1 0.895454 0.495334 0.015869 0.079210
1 0.774909 0.493707 0.101929 0.264757
1 0.775214 0.517036 0.056152 0.146484
1 0.743171 0.503472 0.065308 0.147569
1 0.706959 0.522336 0.020564 0.140224
1 0.482444 0.614984 0.004789 0.089143
1 0.520614 0.609976 0.007324 0.076122
1 0.527375 0.601963 0.006197 0.055088
1 0.537657 0.600210 0.005352 0.051583
1 0.534699 0.599960 0.005634 0.064103