1 0.050110 0.359375 0.029663 0.554688
1 0.170959 0.381836 0.045044 0.560547
1 0.190735 0.380859 0.095581 0.472656
1 0.848816 0.408203 0.106567 0.214844
1 0.758984 0.452734 0.123047 0.324219
1 0.979015 0.354267 0.037332 0.275841
1 0.408075 0.607722 0.005916 0.114683
1 0.677944 0.501803 0.022254 0.151242
1 0.344692 0.546374 0.009296 0.234375
1 0.466809 0.598458 0.006197 0.095152
1 0.476951 0.592698 0.006197 0.070613
1 0.490472 0.589193 0.003944 0.063602
1 0.486106 0.592448 0.004226 0.059095
1 0.739648 0.501953 0.031641 0.133594
1 0.724268 0.480469 0.122168 0.173437
1 0.797217 0.560937 0.007910 0.084375
1 0.537516 0.560897 0.005071 0.112179