1 0.852790 0.669046 0.019306 0.112083
1 0.653544 0.650545 0.009955 0.055773
1 0.611312 0.653762 0.011161 0.051483
1 0.646908 0.589140 0.008145 0.104575
1 0.590649 0.588872 0.025943 0.090096
1 0.560332 0.577342 0.032278 0.121736
1 0.442081 0.645182 0.019608 0.068644
1 0.507541 0.641160 0.003922 0.075616
1 0.502413 0.640087 0.008145 0.086342
1 0.495324 0.644377 0.003017 0.079906
1 0.492006 0.650545 0.001810 0.070789
1 0.723077 0.578415 0.036802 0.161421
1 0.681750 0.620513 0.013876 0.068644
1 0.628054 0.622122 0.007240 0.037540
1 0.829563 0.665024 0.017496 0.100821
1 0.980392 0.584314 0.025943 0.084196
1 0.955053 0.623731 0.004827 0.072934