1 0.489744 0.632043 0.015988 0.113156
1 0.480241 0.632311 0.002413 0.113692
1 0.475716 0.650277 0.003017 0.080979
1 0.449925 0.655103 0.015988 0.079906
1 0.416591 0.624803 0.020513 0.087950
1 0.306184 0.546238 0.030166 0.249372
1 0.990799 0.671460 0.018401 0.151232
1 0.949170 0.659661 0.018401 0.157667
1 0.752187 0.563399 0.056410 0.179655
1 0.698944 0.619172 0.008446 0.048802
1 0.669532 0.643305 0.010558 0.073471
1 0.620664 0.651349 0.014781 0.068108
1 0.660030 0.592626 0.008446 0.099749
1 0.599095 0.584850 0.039819 0.146405
1 0.564706 0.579219 0.038009 0.145869
1 0.390950 0.571443 0.013273 0.154986
1 0.358220 0.547310 0.043741 0.195743