1 0.165609 0.505208 0.013184 0.367187
1 0.297097 0.612150 0.007806 0.169613
1 0.397708 0.592362 0.009541 0.124897
1 0.414188 0.580284 0.004337 0.097656
1 0.450472 0.534796 0.017925 0.188631
1 0.496296 0.554585 0.005493 0.118215
1 0.649093 0.488795 0.019660 0.144942
1 0.715878 0.469521 0.052619 0.182463
1 0.753897 0.513723 0.062159 0.124897
1 0.799866 0.493421 0.046547 0.218956
1 0.795240 0.541478 0.019949 0.116674
1 0.951940 0.451532 0.058112 0.100226
1 0.877493 0.457699 0.057823 0.073499
1 0.835860 0.536338 0.012721 0.134149
1 0.843666 0.509097 0.037007 0.070415
1 0.885588 0.489052 0.024286 0.059108
1 0.921294 0.444079 0.013588 0.119243
1 0.904959 0.449990 0.019082 0.083779
1 0.215673 0.300731 0.006479 0.112680
1 0.200743 0.277194 0.006479 0.097656