0 0.041569 0.548958 0.080796 0.160417
0 0.121780 0.551042 0.079625 0.164583
0 0.177986 0.556250 0.096019 0.154167
0 0.282787 0.553125 0.139344 0.156250
0 0.360656 0.553125 0.067916 0.164583
0 0.411593 0.554167 0.073770 0.158333
0 0.495902 0.548958 0.127635 0.160417
0 0.572014 0.554167 0.092506 0.158333
0 0.656323 0.556250 0.085480 0.170833
0 0.743560 0.555208 0.088993 0.168750
0 0.833724 0.551042 0.079625 0.177083
0 0.891101 0.566667 0.070258 0.154167
0 0.930913 0.576042 0.058548 0.156250
0 0.963115 0.575000 0.073770 0.154167
